0 0.232500 0.297955 0.017941 0.026818
0 0.266912 0.300455 0.019706 0.031818
0 0.353235 0.324545 0.017059 0.032727
0 0.464853 0.307045 0.016176 0.031364
0 0.439706 0.220227 0.022941 0.026818
0 0.547941 0.360909 0.017647 0.029091
0 0.497794 0.396591 0.019118 0.034091
0 0.466176 0.380227 0.020000 0.029545
0 0.216324 0.310909 0.020294 0.028182
0 0.318676 0.685000 0.023824 0.032727
0 0.367353 0.680227 0.019412 0.028636
0 0.438235 0.663636 0.018824 0.034545
0 0.452941 0.590455 0.018235 0.030000
0 0.487941 0.665000 0.017059 0.035455
0 0.275000 0.750455 0.021765 0.030000
0 0.196029 0.577500 0.023235 0.028636
1 0.364853 0.269091 0.021471 0.034545
1 0.380882 0.267500 0.022941 0.036818
1 0.398382 0.266818 0.020294 0.033636
1 0.492647 0.332273 0.022941 0.032727
1 0.135441 0.271591 0.027353 0.035000
1 0.349559 0.639318 0.019118 0.032273
1 0.367353 0.637500 0.017059 0.035909
1 0.397941 0.637955 0.018235 0.035000
1 0.252059 0.652955 0.022941 0.034091
1 0.253824 0.683409 0.024118 0.033182
1 0.297647 0.274318 0.022353 0.030455
