0 0.245735 0.385682 0.023235 0.028636
0 0.336029 0.369091 0.016765 0.028182
0 0.362647 0.374091 0.021765 0.033636
0 0.341618 0.391591 0.020294 0.029545
0 0.559853 0.217727 0.023235 0.030909
0 0.532941 0.252727 0.021765 0.027273
0 0.337059 0.521591 0.016471 0.032273
0 0.176471 0.451364 0.022941 0.030000
0 0.203382 0.448636 0.016176 0.027273
0 0.221029 0.450909 0.015000 0.029091
0 0.278529 0.456818 0.018824 0.027273
0 0.275735 0.480909 0.017941 0.029091
0 0.248235 0.498409 0.021765 0.033182
1 0.563529 0.159091 0.022353 0.036364
1 0.148824 0.450227 0.024118 0.030455
1 0.359559 0.329773 0.025000 0.033182
0 0.235000 0.589545 0.016471 0.028182
