0 0.405441 0.351364 0.017353 0.033636
0 0.434412 0.327045 0.025882 0.038636
0 0.583088 0.377273 0.019706 0.032727
0 0.601471 0.377955 0.021176 0.035000
0 0.630588 0.379773 0.022353 0.033182
0 0.658382 0.374318 0.020294 0.033182
0 0.608529 0.533409 0.021765 0.038636
0 0.632794 0.526591 0.018529 0.028636
0 0.681324 0.531818 0.023824 0.035455
0 0.354118 0.463636 0.016471 0.029091
0 0.247941 0.462500 0.021765 0.036818
0 0.213529 0.425227 0.021176 0.037727
0 0.286765 0.355455 0.019412 0.032727
0 0.259265 0.340000 0.019706 0.029091
0 0.323529 0.255682 0.020000 0.027727
0 0.325294 0.284091 0.023529 0.030000
0 0.389559 0.183409 0.017353 0.034091
0 0.436471 0.174773 0.021176 0.035909
0 0.436471 0.121591 0.018824 0.032273
0 0.638971 0.263182 0.016176 0.028182
0 0.652794 0.260455 0.017941 0.033636
0 0.665441 0.228636 0.016176 0.033636
